# Random Sequence Data
-0.81352
0.71907
0.32074
0.19024
0.01125
0.01502
0.43980
0.02186
-0.66065
-0.26908
0.96954
1.16532
-0.28635
0.45712
0.38023
0.08177
0.51664
0.23355
0.53662
1.02066
0.83739
0.43242
-0.75106
-1.56437
-0.19616
-0.28172
0.68999
-1.46968
0.82921
0.20869
-0.76040
0.63172
-0.75130
-0.94191
-0.03980
0.73594
0.21654
-1.31271
1.43879
0.47333
0.28609
0.84006
0.34428
0.16378
0.18814
-0.37297
0.15300
-0.36138
-1.28775
-1.14378
0.60157
0.79793
-0.15241
0.59743
-1.72176
-0.05384
-0.38224
-0.12885
-2.67618
-0.26776
-0.53556
-0.99157
1.86460
-1.10065
-1.00393
0.46964
0.12405
1.33349
-0.44089
-0.71660
0.59816
1.33391
0.39965
0.30880
1.15414
0.45699
-0.84588
-1.38019
0.56552
-0.09554
0.54350
0.70766
1.78520
-1.01661
-0.74202
0.27540
0.68967
2.43698
1.54082
-0.68974
0.82813
-0.19713
0.09597
1.14153
-1.51401
1.11449
0.17787
-1.83705
0.17858
-0.45278
-1.39518
0.48536
0.37676
-1.07189
0.63538
0.40833
0.33918
-0.25470
-0.03196
0.37102
-0.75748
0.60149
-0.32304
-0.07191
-0.75755
-0.36841
-0.67706
-0.38420
0.12912
-0.06933
0.37382
0.44544
0.28179
0.85909
0.04489
0.82742
0.75048
0.60009
0.73406
-0.36853
-0.04646
0.23302
1.89145
-0.35323
-1.00897
-1.40547
1.30835
1.15242
-1.03969
-1.04581
0.91554
-0.69409
0.42939
-0.43085
-0.53109
0.15374
-0.09386
0.25165
-1.33478
-1.30111
0.19061
0.17156
-1.43819
-0.28790
-0.57302
-0.58121
1.77169
-0.53148
-1.29396
0.58357
-0.14519
0.53364
-0.09393
0.43237
-0.13981
-0.73249
0.27570
-1.63112
0.07225
-0.24751
0.77119
0.21940
0.21743
-0.62728
-0.38649
0.44659
1.65602
-1.21606
0.03015
0.36626
0.58226
0.36169
-2.10531
1.00054
-0.56767
1.02299
2.16013
-0.13549
1.69980
-1.75806
-0.28406
0.33624
0.93698
1.73545
-0.01115
0.01252
-1.21235
1.39370
-1.12886
0.36499
1.15246
0.11890
0.74572
-1.43683
1.12278
0.71818
0.10424
1.04279
-0.71722
-1.57255
-2.24720
0.75880
-0.20243
-0.15469
-1.61298
-0.95666
-0.02656
-0.01968
0.86040
1.69881
0.65338
0.41234
0.31360
-0.54709
0.21385
-0.17821
0.12206
0.07640
-1.32108
0.35837
0.91403
0.19915
-0.64181
1.94777
0.92911
1.35490
1.59166
-0.23398
-0.22805
0.75023
-1.36634
1.88777
0.34317
0.98750
-0.84125
-1.40486
1.12912
2.01146
0.83681
-2.09680
1.88499
-1.45604
-0.73189
0.21263
0.15076
0.17598
-0.13636
0.00108
-0.29307
-1.42776
0.80406
0.09136
-0.95096
-0.93547
-0.45680
-0.61623
-0.92233
0.61799
-0.46304
-0.38967
-0.16176
1.06557
-1.42718
0.74631
0.65351
1.20562
-1.13841
0.55928
0.12029
-0.43872
1.18702
-0.80103
-1.39762
1.01111
-0.11696
-0.72832
-0.48336
-0.02293
0.30536
-0.82821
-0.52916
-0.72126
0.21269
-1.02343
0.64646
-0.22273
1.30797
-0.48329
0.25870
1.21431
0.06388
1.13076
1.30178
1.34550
0.09978
-0.69851
-1.00759
0.11374
-2.84374
-0.84650
-0.39505
-1.12318
1.59494
0.56047
-0.99862
-1.40056
-0.61724
-0.46655
-0.02865
-0.24433
-0.15830
1.18412
-0.34449
0.23238
-0.80931
1.09856
-1.60001
-1.06522
0.20859
-1.68523
-0.27127
0.54292
-0.48493
-0.09618
1.38232
0.57825
1.49567
-1.79428
-1.35390
-1.12742
-0.96333
0.55796
-1.93202
-1.14821
0.58915
0.59154
1.93459
0.53502
-1.47036
2.77489
-0.91331
1.36145
-0.79512
0.92914
0.84029
-0.39706
1.32530
1.35356
0.40513
1.40785
0.25065
1.83510
-0.46571
-1.61808
-0.49844
2.13216
-0.23419
-0.50281
1.26358
0.36244
-1.03050
-1.12829
-0.01449
0.06326
-1.22322
0.15634
-0.31781
0.34397
0.86854
-1.45090
-0.92610
-1.35526
0.15677
1.22674
1.12791
-0.95487
1.34457
1.82679
-0.52833
0.08501
0.50081
-0.50421
3.48914
-1.25920
0.83539
-0.60999
0.97454
-2.46361
-0.16431
0.36174
-0.74728
-0.60762
-1.75064
-1.70131
0.29954
-1.29809
0.71287
0.80223
0.22499
0.48824
-1.89213
-1.05092
1.85004
1.22302
-0.27476
-1.66111
0.42347
0.12906
1.45949
-0.70974
-0.80923
0.57267
-0.06246
-0.46465
0.87871
1.79253
-0.14190
0.63863
0.86887
1.50783
-0.85302
0.61823
0.40282
-1.30232
-0.68961
0.61704
-1.91689
0.54659
-0.21572
-0.58827
-0.40079
-0.66998
-0.31902
-0.36554
-0.06917
0.32286
1.39915
-1.41781
0.02052
-0.13279
-1.82714
1.36260
-0.03297
0.12494
-0.81203
1.03569
-0.66612
-0.84463
2.54433
0.39147
-0.66950
-0.07342
0.15524
1.11638
0.13576
-0.12294
0.36601
-2.75042
-0.16673
2.30524
2.18828
-0.57858
-0.49800
-0.35713
-0.50322
-0.44708
2.76218
-0.67219
0.98467
0.79790
-0.07636
1.75487
0.45054
-0.08926
-1.39444
0.73091
0.87913
-2.15426
2.11272
1.24266
-0.72544
-0.18875
1.35898
-2.25801
0.05274
-0.38547
-0.37763
-1.14328
0.15516
1.13687
-1.93279
-0.23989
-0.27729
-0.04222
-0.51784
-0.23875
-1.16397
1.45403
1.10605
-1.35186
-0.27048
0.05675
0.09590
0.89161
-1.46821
1.59312
1.01596
-0.43155
-0.17930
0.19459
-0.30380
-0.81513
-0.79525
1.93868
0.01605
1.00043
1.39509
-0.35732
0.40220
-0.19206
0.05235
-0.37763
-0.90501
0.87580
0.52280
-0.59376
0.65177
-0.26584
-0.49915
-0.28040
0.15330
-0.49078
-0.30128
-0.06448
-0.72189
2.38403
-0.12352
1.31125
0.22263
0.68627
-0.57766
-0.01354
0.32589
-0.28751
0.45182
0.69074
1.60716
-0.79070
0.66289
-1.06732
-0.35632
-0.67566
-0.40639
2.09609
-1.34061
0.17353
0.16563
0.74543
0.67321
0.74257
0.56203
-0.89425
1.72115
0.31721
-0.84191
-0.22458
1.04738
0.12745
-0.14365
1.10825
0.11190
1.56725
-0.41399
0.18316
-0.54115
-0.13683
1.88823
-1.09451
-1.54728
-0.08821
-0.35679
0.84084
-0.27598
0.32019
-0.19797
-1.38411
0.03012
0.23176
0.61383
-1.28529
-0.70341
0.02193
0.69687
-1.45860
0.45983
1.89446
0.48521
0.26859
-2.60793
0.81362
-0.55880
0.57849
1.08713
0.78604
-0.05111
-0.38864
2.01821
-0.46144
-1.06186
-0.07101
-0.61388
-0.52641
-1.38987
-0.14481
-1.66272
1.34396
-1.37417
-0.61744
-0.01478
0.92028
-1.10741
0.62211
-0.60067
0.31003
-0.01376
-0.87317
-0.55633
0.29281
0.22706
0.23246
-0.36588
0.50532
-1.83990
-0.95730
0.76772
-0.12220
1.72630
0.83722
0.48528
0.22747
0.51277
-0.63721
-0.64029
-1.22877
0.01933
0.92029
-2.03511
0.85583
0.27480
-0.31509
0.67274
-1.03922
0.40048
0.78308
2.76164
0.02759
-1.85188
0.50156
-0.06032
-0.18138
-0.55333
-0.05501
-1.06000
0.89962
-1.02152
0.09702
-1.51818
-2.01022
0.23976
1.52978
-0.04656
-0.37960
-0.89291
0.22692
-1.45574
-0.31235
0.49122
0.08367
1.51925
-1.67564
0.63559
1.14710
0.25360
0.14524
-0.26490
1.05918
-1.58282
0.72223
0.34472
-0.37520
0.67720
-1.06657
-0.30372
-1.35874
-0.92028
0.06303
-0.47758
-0.65676
1.52223
-1.70398
-0.80595
-0.36004
-0.44548
0.57623
0.11961
0.78942
-0.75207
-0.27649
-0.32639
-0.44887
-1.03635
1.06623
-0.07514
-1.30970
-1.18797
-0.03274
1.38949
-0.73867
0.10507
0.54679
-0.69127
-0.15252
-1.05025
-0.26372
-0.50788
0.86519
-2.80321
0.38363
-1.13283
0.00778
1.31388
1.08462
-0.39901
0.15607
0.94705
0.79294
-1.90629
2.59079
-0.78662
1.24943
-1.88336
0.16222
2.19587
1.39071
0.00407
0.68837
-0.45459
-0.47962
-0.42255
-1.92145
0.31920
0.48429
0.06126
0.82678
-0.28449
-0.62801
-0.73769
1.36708
1.02023
-1.27312
-0.27823
1.73055
-1.06116
-1.20878
-0.27127
-0.30022
0.88569
2.11990
1.67729
-0.55075
-1.55891
1.54446
0.61157
-0.72654
0.46794
0.19897
0.95855
0.41638
1.85063
1.00304
0.47780
0.80709
0.18226
0.21212
0.97004
-0.49084
0.25920
-0.85824
-1.52780
0.37957
0.07964
-1.66544
1.83839
-1.07380
0.20998
1.47193
2.04128
-0.05158
1.52959
2.06610
1.16956
0.55682
-0.58092
0.19932
1.71048
-1.93822
0.92788
0.03210
2.20882
-1.69862
0.57390
-0.89237
0.27517
-0.11126
-1.17708
0.74123
-2.22007
0.67860
-0.65567
0.45710
0.76832
-0.39867
-0.27712
-0.76718
0.71005
-0.76935
-0.05880
-1.63683
0.05373
-0.24246
1.60424
0.03616
-1.37084
-0.05483
0.59897
-0.38285
0.67434
-0.24401
0.11786
0.55346
0.47564
0.23200
-0.16342
0.38390
-0.50778
0.46603
-2.30502
0.39338
-1.03383
0.23700
1.23562
1.37405
-0.55288
-0.95783
1.51832
-1.88649
-0.34629
-0.16023
1.20146
1.20700
0.92487
0.84195
-0.12097
1.19849
0.93903
0.05510
0.74637
0.48036
-0.21707
1.30768
-1.15745
1.42088
0.35548
1.33333
0.42014
2.14539
-0.63342
0.77425
1.40603
-0.89072
0.36154
-0.11810
-0.48718
0.34735
-0.03432
-0.95030
-0.42778
-0.82842
2.30066
-0.99072
1.19145
0.17264
1.11294
-0.70725
-0.10288
0.74475
0.17131
1.19410
-0.66611
0.46339
-0.76876
-0.91784
0.15231
-0.64017
-1.54225
0.36132
-0.39018
-0.69473
-0.13248
-2.27360
0.95112
1.51546
0.69996
-1.01409
0.45116
-0.17584
-0.00460
-0.94511
0.60795
0.39351
0.65851
-1.36885
-0.62298
-0.31049
-0.72624
0.88670
-0.59450
0.06093
0.32120
-1.01519
0.33782
1.53320
-1.17752
0.91871
-1.44799
0.53242
0.54897
-0.91661
-0.09387
0.50697
-0.55922
-1.17633
0.87169
0.46267
-0.91960
-0.34612
0.49637
-0.42639
-2.28537
0.15651
-0.60630
0.19639
2.78852
1.12816
-1.54500
0.08024
-0.18820
-0.19104
-1.46552
-0.38552
-0.76431
0.80126
1.45593
-0.42151
1.29438
0.17102
-0.79363
-0.12483
-0.01820
-1.43619
0.33203
-0.38648
-0.03892
0.51488
0.83149
0.41706
1.42067
-0.75724
0.20047
-0.35153
1.26396
0.54378
0.81460
0.74612
1.82980
0.56536
-0.42242
0.16964
-0.93954
-0.13924
